1 , 21238
451 , 1
386 , 1
147 , 5
778 , 1
1426 , 1
324 , 1
180 , 2
320 , 1
2354 , 1
408 , 1
307 , 1
7932 , 1
11 , 356
14 , 212
24 , 82
302 , 2
146 , 4
140 , 3
303 , 1
215 , 1
291 , 2
226 , 1
623 , 1
17 , 161
443 , 1
535 , 1
12 , 264
605 , 1
576 , 1
447 , 1
755 , 1
2062 , 1
94 , 8
192 , 1
492 , 1
160 , 1
21 , 93
577 , 2
77 , 15
403 , 2
355 , 1
954 , 1
22 , 108
131 , 7
347 , 1
350 , 1
1261 , 1
293 , 1
93 , 8
40 , 35
731 , 1
453 , 1
1165 , 1
58 , 18
136 , 2
1250 , 1
547 , 1
1553 , 1
4481 , 1
381 , 1
96 , 5
338 , 1
81 , 8
345 , 1
216 , 1
292 , 2
79 , 8
98 , 4
263 , 1
1296 , 1
30 , 45
127 , 1
814 , 1
92 , 2
275 , 1
375 , 1
252 , 1
83 , 8
72 , 12
4495 , 1
919 , 1
9 , 474
78 , 12
144 , 3
84 , 13
122 , 5
187 , 1
404 , 1
76 , 8
326 , 1
1932 , 1
3963 , 1
95 , 4
430 , 1
589 , 1
208 , 2
73 , 8
665 , 1
1428 , 1
181 , 2
571 , 1
124 , 1
164 , 1
237 , 1
259 , 1
438 , 1
143 , 2
7 , 714
8 , 580
3666 , 1
174 , 3
389 , 1
34 , 67
267 , 1
4 , 1762
150 , 2
193 , 1
265 , 2
513 , 1
2733 , 1
111 , 6
152 , 8
683 , 1
368 , 1
236 , 1
74 , 10
316 , 1
89 , 6
1855 , 1
279 , 1
612 , 1
256 , 1
103 , 8
481 , 1
773 , 1
334 , 1
99 , 6
224 , 1
726 , 1
120 , 4
53 , 13
333 , 1
166 , 3
46 , 28
3226 , 1
608 , 1
1931 , 1
393 , 2
172 , 3
33 , 53
2495 , 1
23 , 95
190 , 1
69 , 13
3 , 2846
135 , 2
378 , 1
662 , 1
496 , 1
114 , 4
123 , 5
91 , 5
516 , 1
176 , 2
26 , 62
197 , 1
239 , 1
271 , 1
119 , 5
7417 , 1
52 , 20
511 , 1
3898 , 1
16 , 168
156 , 3
158 , 3
54 , 23
121 , 4
376 , 3
1939 , 1
294 , 3
64 , 17
188 , 1
51 , 22
21403 , 1
219 , 1
380 , 1
132 , 3
290 , 1
70 , 11
273 , 1
364 , 2
523 , 1
671 , 1
1435 , 1
500 , 1
43 , 35
10 , 360
159 , 1
1135 , 1
14903 , 1
301 , 1
232 , 1
116 , 5
240 , 3
117 , 4
27 , 88
446 , 1
2661 , 1
42 , 22
102 , 4
245 , 1
249 , 1
542 , 2
163 , 1
598 , 1
573 , 1
826 , 2
356 , 1
348 , 1
129 , 4
19 , 121
39 , 29
609 , 1
762 , 1
71 , 13
130 , 1
641 , 1
66 , 13
2356 , 1
138 , 1
171 , 3
235 , 1
1339 , 1
530 , 1
37 , 32
185 , 4
957 , 1
212 , 2
63 , 14
8607 , 1
2316 , 1
38 , 33
211 , 3
299 , 1
100 , 5
330 , 1
217 , 1
112 , 7
139 , 3
184 , 1
300 , 1
59 , 13
194 , 1
411 , 2
677 , 1
113 , 7
126 , 2
118 , 3
186 , 1
846 , 1
165 , 3
198 , 1
658 , 1
5649 , 1
31 , 48
841 , 1
168 , 2
388 , 1
254 , 1
413 , 2
137 , 4
3619 , 1
229 , 2
82 , 6
231 , 1
3390 , 1
28 , 52
29 , 50
1935 , 1
551 , 1
191 , 1
161 , 4
57 , 13
110 , 3
149 , 1
214 , 2
336 , 1
654 , 1
106 , 3
2407 , 1
248 , 1
49 , 16
218 , 1
942 , 1
109 , 6
178 , 1
167 , 1
519 , 1
115 , 1
56 , 20
337 , 1
15 , 195
9297 , 1
182 , 4
32 , 52
7202 , 1
227 , 2
317 , 2
382 , 1
141 , 4
221 , 3
1095 , 1
44 , 13
88 , 8
1057 , 1
244 , 2
817 , 1
101 , 8
13598 , 1
526 , 1
153 , 1
502 , 1
134 , 1
80 , 10
105 , 5
125 , 1
838 , 1
65 , 17
157 , 1
35 , 39
104 , 4
639 , 1
383 , 1
175 , 1
272 , 1
396 , 1
270 , 1
202 , 3
459 , 1
998 , 1
495 , 1
1048 , 1
90 , 4
238 , 1
18 , 137
20 , 111
342 , 1
339 , 1
199 , 3
16502 , 1
1705 , 1
657 , 1
41 , 28
253 , 3
1094 , 1
5334 , 1
169 , 4
261 , 2
25 , 74
200 , 3
370 , 2
142 , 1
584 , 1
220 , 1
1577 , 1
62 , 26
3224 , 1
264 , 2
444 , 2
6 , 933
67 , 6
85 , 6
60 , 19
86 , 9
1836 , 1
328 , 1
87 , 7
287 , 1
5 , 1174
2 , 5670
225 , 2
13 , 227
706 , 1
465 , 1
55 , 12
691 , 1
107 , 7
610 , 1
765 , 1
50 , 22
262 , 1
36 , 48
179 , 1
939 , 1
75 , 10
426 , 1
3913 , 1
549 , 1
133 , 4
205 , 2
154 , 3
45 , 24
445 , 1
416 , 1
716 , 1
183 , 1
108 , 4
148 , 1
61 , 14
687 , 1
47 , 21
97 , 7
281 , 1
48 , 15
128 , 7
1460 , 1
521 , 1
700 , 1
2681 , 1
642 , 1
377 , 2
493 , 1
384 , 1
68 , 10
315 , 1
